640
586
640
375
428
640
424
621
640
640
640
427
375
640
640
320
640
612
640
427
640
640
640
640
640
640
640
500
457
640
480
500
640
640
500
443
640
612
640
640
500
375
640
425
500
612
640
640
640
480
640
640
333
444
320
640
640
640
640
640
640
500
500
640
375
640
427
640
640
478
640
640
640
600
640
640
500
640
640
640
638
429
640
640
640
612
640
640
640
640
640
640
600
640
551
640
640
640
550
640
640
640
640
612
640
640
500
640
640
640
500
640
640
480
480
640
333
640
640
480
480
480
640
640
480
375
640
427
500
640
640
640
640
640
640
640
640
640
640
640
640
640
480
640
640
640
424
640
640
640
404
640
640
433
640
427
640
640
640
640
500
640
612
375
478
640
640
500
443
640
640
640
478
481
640
640
480
480
640
640
640
640
640
515
640
640
640
640
640
640
640
640
640
640
500
500
458
640
333
640
427
500
539
500
426
500
640
512
480
640
640
640
425
640
640
640
640
482
640
500
640
500
612
640
640
640
500
640
480
430
640
640
640
640
500
640
640
480
640
640
640
375
500
640
640
427
640
480
427
640
640
640
640
640
500
640
427
423
640
640
640
640
612
288
640
500
640
640
480
498
612
640
500
640
640
640
478
640
640
640
480
640
640
640
427
640
640
640
500
640
640
640
480
640
640
334
333
375
640
640
640
640
640
375
480
426
640
640
458
640
428
640
640
500
427
425
612
640
640
640
640
640
500
500
640
426
640
425
429
640
640
480
480
480
640
427
500
640
640
480
640
640
640
640
640
352
640
299
500
640
428
438
480
640
640
640
640
640
640
640
640
640
500
487
640
640
640
500
427
425
640
640
640
640
640
640
640
246
640
375
640
640
624
640
500
375
500
638
640
480
640
480
361
640
640
640
640
640
640
640
500
640
640
640
408
640
640
640
640
640
500
500
640
640
640
640
640
639
424
640
500
612
500
640
500
640
640
640
427
640
640
640
427
431
640
640
640
640
480
500
640
500
640
640
640
640
640
640
334
640
640
640
640
640
640
360
640
640
500
640
427
640
480
640
640
500
640
640
640
359
640
640
428
500
640
640
480
481
640
640
640
640
612
375
407
427
424
500
480
640
640
640
640
640
426
580
640
640
612
505
640
640
240
612
375
640
640
640
640
500
640
500
640
640
640
640
634
425
640
640
427
640
486
427
640
640
640
480
640
480
640
500
640
640
500
500
360
640
640
640
640
500
640
640
500
640
640
640
480
640
640
640
427
640
640
640
640
640
640
640
640
500
500
640
640
640
479
640
500
640
424
640
640
500
640
640
640
640
500
640
480
640
640
612
640
612
336
640
640
480
640
486
640
500
306
640
640
360
640
640
640
640
640
640
640
500
500
371
640
500
640
640
640
427
481
640
640
640
640
383
640
640
428
640
427
640
640
424
612
427
640
640
464
640
640
332
640
640
640
640
480
612
640
640
640
640
640
640
640
640
640
640
640
640
640
428
640
640
640
640
500
640
500
640
640
640
640
481
384
291
640
640
640
480
640
640
500
640
640
427
426
640
423
428
640
640
640
640
640
640
640
480
640
640
640
478
640
640
640
640
640
640
427
640
426
640
640
640
640
640
640
640
500
640
640
640
640
640
640
361
640
426
640
612
480
640
640
640
640
640
480
640
500
506
640
640
640
640
640
500
640
640
480
640
640
375
640
427
400
640
427
480
640
427
640
640
480
640
640
640
500
333
640
479
640
640
640
640
640
640
480
500
640
640
640
640
640
640
640
640
640
640
640
640
640
427
640
640
640
640
640
360
626
480
640
640
424
427
500
640
640
640
640
372
640
375
500
640
375
640
480
640
600
640
640
500
640
500
640
640
640
426
640
640
640
640
640
457
500
480
640
600
612
640
640
320
415
480
640
640
428
640
640
427
640
640
640
427
500
500
640
640
500
640
640
640
640
479
600
640
640
500
480
640
500
640
480
457
640
500
427
640
375
612
640
427
640
425
480
640
500
424
640
640
640
640
640
640
500
500
375
427
500
640
612
427
500
640
640
640
640
640
640
640
612
426
640
612
640
640
480
240
640
640
640
640
480
640
333
640
640
640
486
480
640
500
640
640
640
640
640
425
640
640
640
500
640
640
433
640
640
359
425
500
480
478
640
640
640
640
640
423
640
640
480
640
640
640
640
640
640
633
425
640
640
500
640
640
612
640
500
640
480
500
640
640
612
429
411
500
640
640
640
640
640
500
640
640
359
500
333
640
640
640
640
640
640
640
500
500
480
640
640
640
640
640
500
640
468
640
640
480
500
640
640
640
640
480
640
612
640
500
500
640
427
640
425
640
640
480
640
640
500
640
640
612
640
480
640
640
375
640
640
640
640
427
640
500
640
500
640
640
427
640
640
640
640
500
358
640
320
640
640
640
640
640
427
427
640
328
409
480
500
640
640
612
640
640
640
640
425
640
640
640
480
500
640
640
351
491
500
640
640
640
480
500
640
640
640
640
375
640
640
388
427
640
640
640
640
640
640
480
640
640
425
480
640
463
612
426
640
429
640
640
640
426
640
640
640
640
640
640
295
640
640
425
640
640
640
640
475
640
500
640
427
640
640
640
640
480
640
640
375
640
640
428
640
640
640
640
332
640
427
640
500
640
640
500
640
640
640
640
448
480
427
640
640
640
640
612
640
500
640
640
500
640
640
640
500
640
600
640
640
428
640
640
640
480
500
640
425
640
640
640
640
640
640
640
640
375
640
500
640
640
480
640
640
640
612
500
600
640
426
640
375
425
640
426
640
640
640
640
429
640
640
388
500
640
640
640
640
640
640
640
640
480
640
640
480
640
500
640
640
640
500
640
640
640
640
640
448
640
640
500
640
640
640
640
200
640
480
640
640
500
480
411
640
640
640
640
427
385
640
640
640
470
640
640
480
640
640
640
640
512
640
375
640
461
640
640
500
480
500
640
640
416
500
640
640
640
500
640
427
640
640
500
640
375
640
640
500
375
640
640
640
640
640
640
640
640
640
428
335
640
500
500
500
640
500
640
427
640
480
612
480
640
640
640
640
500
640
612
640
478
640
640
640
500
640
640
640
500
640
640
640
640
640
640
640
640
640
640
375
640
640
480
640
640
428
500
640
640
480
640
500
640
640
640
536
640
480
640
428
640
376
640
640
425
640
480
500
500
640
640
427
640
427
500
640
640
480
500
640
640
640
640
640
612
640
612
640
425
640
561
500
640
480
640
640
587
640
640
640
640
640
640
375
426
480
375
640
640
500
640
480
640
640
640
640
500
640
640
425
640
640
479
375
612
640
640
640
640
640
640
640
640
640
612
439
640
640
640
640
480
640
640
640
640
640
640
427
640
640
640
640
640
640
375
640
640
640
640
488
427
640
640
640
480
359
480
612
640
640
612
640
640
593
640
500
500
375
640
640
612
614
500
640
480
478
640
480
640
640
640
640
427
640
640
500
640
640
640
640
640
425
640
640
640
480
640
640
480
375
640
446
640
640
500
640
428
428
640
428
480
512
640
640
640
640
480
640
333
640
640
640
640
640
640
375
375
640
640
640
640
640
640
640
640
640
426
573
640
640
640
640
640
640
480
640
375
427
640
640
500
632
427
640
640
640
480
353
640
640
640
640
640
640
640
500
640
480
426
399
421
640
640
640
640
480
509
337
640
640
640
640
640
436
640
480
640
612
333
640
457
425
640
640
480
640
480
640
427
640
640
640
500
640
640
640
480
333
500
500
500
640
640
480
640
500
640
640
640
500
640
612
640
640
640
540
428
640
640
640
640
640
383
375
474
600
640
478
612
640
500
640
480
480
640
640
640
518
640
640
428
640
426
500
426
640
426
640
521
427
640
640
640
334
640
640
640
500
640
640
500
640
640
640
640
640
640
640
640
640
375
640
640
640
640
640
480
582
640
640
428
640
640
640
640
480
640
480
640
427
427
640
640
640
640
480
640
640
500
640
640
640
640
400
411
640
500
640
640
640
500
500
500
480
480
612
640
640
500
640
640
640
640
640
486
640
428
640
425
612
640
640
640
640
640
640
640
480
640
640
640
424
640
332
640
323
640
640
640
640
640
640
375
500
640
640
640
640
640
640
640
640
640
640
640
500
467
426
640
640
500
640
640
640
640
640
640
640
640
612
500
369
640
640
458
640
640
640
640
500
612
500
480
640
640
640
480
480
640
375
375
427
480
640
408
480
640
480
640
640
640
640
427
640
640
640
427
375
640
640
640
548
640
336
640
640
640
640
640
640
640
480
640
640
640
640
640
640
640
480
640
334
640
480
640
640
640
640
480
640
350
500
640
422
640
333
640
640
640
500
640
640
640
359
335
640
640
480
640
640
500
640
640
500
640
612
640
640
474
427
640
480
640
425
640
427
634
500
346
500
480
640
640
640
640
640
640
640
400
480
640
457
640
500
640
500
640
640
480
640
480
640
640
640
500
640
640
640
640
640
640
640
640
640
640
640
640
500
427
640
640
640
640
429
640
640
640
640
375
640
640
500
640
640
640
640
640
640
427
640
640
640
640
640
640
640
640
430
640
425
640
375
640
334
480
335
427
640
640
640
500
481
640
640
500
640
640
640
480
640
375
640
640
640
640
480
427
480
640
640
640
480
640
612
375
640
640
640
640
480
640
640
640
500
640
640
427
640
426
640
640
640
640
500
640
640
480
500
495
640
640
580
375
478
640
457
640
500
480
640
640
640
581
375
640
640
640
554
500
500
500
480
426
612
640
500
357
640
640
500
640
460
640
640
426
424
640
640
500
640
427
640
640
500
480
480
375
385
640
500
640
640
640
640
640
276
500
393
640
640
640
480
612
424
640
500
640
375
640
500
480
480
640
427
640
640
640
640
640
612
640
640
427
640
500
640
640
640
500
375
500
394
640
640
640
415
640
640
640
480
640
640
640
640
500
640
480
500
375
640
640
500
640
640
375
640
375
480
640
426
418
640
500
640
640
427
640
640
640
480
392
640
640
640
416
452
400
500
480
640
640
640
640
640
640
640
640
480
640
640
640
640
332
500
480
640
500
640
424
640
480
640
336
640
426
640
500
640
500
640
640
640
640
425
640
640
400
426
479
640
500
640
333
500
333
500
640
427
433
480
640
640
523
640
457
612
474
400
640
640
480
427
334
640
330
500
638
640
640
479
500
473
640
480
640
640
640
480
375
612
334
427
612
612
640
375
427
640
640
612
640
426
640
640
640
640
640
640
450
640
500
640
500
640
640
640
640
256
500
640
480
640
640
640
640
640
640
375
480
640
640
640
640
500
640
500
634
475
640
500
640
424
500
640
640
488
640
640
640
640
428
640
640
640
500
640
500
500
640
640
375
640
480
500
467
640
464
640
426
640
640
612
427
640
480
640
500
640
416
640
500
500
427
640
640
640
512
469
640
640
640
600
640
640
640
596
640
640
500
480
640
640
640
478
425
500
640
415
640
640
500
640
640
427
640
640
640
640
640
443
640
500
640
419
640
640
640
500
480
640
480
427
500
640
480
640
640
640
640
640
500
640
640
500
640
640
640
375
640
640
640
640
640
427
500
640
500
478
640
455
640
640
640
640
371
640
333
480
640
640
500
478
640
640
640
640
640
640
640
640
519
427
500
640
640
640
427
640
640
640
362
529
640
640
500
304
426
519
640
640
640
640
640
640
612
512
640
640
640
640
640
612
640
640
428
640
428
640
433
588
640
640
480
612
428
640
640
320
332
640
333
612
500
640
384
640
288
335
640
640
640
640
640
500
640
428
500
500
480
429
640
640
640
640
500
640
480
640
640
512
640
427
640
640
640
640
270
640
640
640
640
640
640
612
500
640
640
640
500
580
640
500
640
640
640
512
640
640
640
427
480
640
500
375
640
640
640
500
640
640
640
640
640
640
500
480
428
333
640
640
480
640
640
640
427
640
403
500
500
500
640
640
333
640
640
427
480
640
640
640
640
640
640
425
640
640
640
428
640
385
640
334
640
612
640
428
640
426
640
480
640
500
500
396
640
640
589
425
480
640
500
640
640
640
640
359
640
480
640
640
640
375
335
640
640
640
533
326
640
640
640
640
640
640
640
612
640
640
480
480
375
640
640
640
480
640
640
640
640
640
448
640
640
500
527
640
640
640
640
500
640
400
640
640
640
640
640
640
640
480
500
640
481
375
640
480
640
640
640
480
640
640
333
640
640
612
500
640
640
640
640
640
612
640
385
480
478
640
500
500
500
640
640
640
320
500
480
640
375
640
640
500
640
500
640
640
480
640
640
640
640
547
640
640
640
640
500
472
640
640
640
640
480
427
640
457
612
480
480
480
640
480
500
478
640
640
640
427
640
500
640
640
500
640
480
640
640
640
640
640
500
640
500
640
480
640
640
612
640
640
640
640
640
640
333
640
379
640
640
640
640
425
480
640
640
640
433
396
480
308
480
640
640
428
425
640
640
640
612
500
640
500
500
500
640
426
640
500
640
351
612
640
640
640
640
640
425
390
640
640
428
640
640
426
427
500
428
640
640
640
640
640
480
500
640
640
640
500
640
640
640
512
640
640
640
640
640
612
640
640
640
480
640
427
640
428
640
640
640
640
635
640
425
640
640
375
480
640
640
500
640
480
403
523
484
640
640
640
640
640
500
640
640
359
500
640
457
640
640
612
640
500
480
488
480
333
640
640
287
480
480
640
640
640
320
640
640
640
640
427
640
640
500
640
640
640
640
640
478
500
640
640
640
480
640
640
585
640
500
640
500
500
480
640
427
640
550
333
640
640
640
427
375
427
480
500
640
640
640
640
640
640
588
480
427
640
640
383
640
480
428
640
640
424
427
500
640
427
640
426
640
500
640
480
480
500
640
640
640
640
500
640
426
640
640
640
500
500
508
640
425
375
640
424
544
640
640
640
500
640
640
640
359
500
427
640
500
640
640
640
478
640
640
640
640
640
640
640
478
640
640
500
480
640
500
640
500
640
640
640
640
640
640
427
640
640
640
480
640
429
640
500
640
480
500
500
483
640
640
640
640
640
640
427
640
480
640
640
500
640
640
640
640
640
501
640
426
640
463
417
640
640
640
640
480
640
640
640
640
640
500
424
640
640
640
640
640
640
640
640
640
558
640
640
500
640
640
640
640
640
500
640
640
640
603
640
640
428
426
640
640
640
500
640
375
640
541
640
427
640
488
640
500
333
640
469
450
640
640
478
640
411
640
640
480
640
640
640
640
425
640
395
377
640
640
500
375
640
426
640
640
640
640
500
480
427
640
421
500
640
540
472
640
640
640
480
512
640
640
480
500
640
427
640
640
640
640
480
640
640
477
640
480
640
640
426
640
549
500
640
375
640
480
333
640
640
640
640
640
426
640
640
640
500
375
640
478
500
480
480
640
480
480
527
640
640
640
640
640
432
426
640
640
487
640
640
640
640
640
640
640
427
640
500
427
425
426
640
640
500
640
442
485
476
640
640
429
640
612
640
640
428
584
640
640
500
640
640
424
640
640
480
640
640
640
640
640
640
640
640
640
640
640
640
640
640
640
640
640
640
640
640
500
500
640
375
480
640
640
500
640
640
640
612
478
640
640
426
426
640
640
640
640
640
640
500
640
640
640
500
480
427
640
640
640
640
640
640
640
640
640
640
640
640
500
640
640
333
640
640
640
640
480
635
480
640
640
500
383
640
640
640
630
640
640
480
640
640
640
640
640
480
640
426
640
500
426
640
640
480
500
640
640
640
640
640
425
640
640
500
500
640
640
640
640
640
640
640
640
640
640
640
640
640
428
640
640
500
500
640
427
500
640
640
640
300
640
500
427
483
500
640
500
480
426
640
640
640
426
640
640
640
640
480
640
427
640
640
640
640
640
612
500
425
640
640
427
640
640
447
640
500
640
375
427
640
320
386
640
480
640
640
427
368
640
640
550
500
640
640
500
640
640
640
428
568
427
640
640
480
480
640
346
640
640
478
640
500
640
499
640
640
640
640
640
640
500
640
640
640
511
612
480
640
428
500
428
622
640
640
427
427
640
500
640
640
640
640
500
640
640
640
320
375
640
640
500
500
333
640
640
483
427
640
640
640
426
640
640
640
425
640
427
640
480
612
500
423
640
640
640
640
640
640
640
426
544
500
640
424
500
640
640
427
640
640
612
640
640
500
640
640
640
480
640
640
640
640
640
500
640
427
640
640
640
640
612
640
640
375
427
640
500
640
612
426
640
427
480
640
640
640
640
500
640
640
426
640
640
320
640
640
427
640
640
375
460
640
640
448
640
480
640
640
314
500
640
500
500
640
640
480
480
428
640
500
640
463
640
500
426
500
640
640
640
640
640
467
640
640
640
640
344
640
640
640
428
480
427
640
640
640
500
500
640
500
640
640
480
640
640
640
640
640
640
500
500
640
640
439
640
500
450
640
640
500
640
640
640
378
425
640
500
427
427
500
640
640
500
640
640
640
640
640
640
375
500
500
640
640
640
640
640
500
640
500
500
640
480
640
640
478
640
640
500
640
480
383
640
640
399
480
640
640
480
640
429
464
640
640
500
458
640
640
640
640
428
453
640
480
640
640
500
428
411
640
500
640
500
640
640
640
640
600
426
640
640
640
640
600
500
640
640
640
480
640
640
500
640
640
427
500
480
640
640
612
427
640
640
640
427
640
640
640
480
318
500
640
640
411
500
640
640
640
480
428
640
500
500
640
640
640
640
640
640
640
640
500
640
640
640
640
320
640
640
640
500
640
500
640
500
640
640
640
640
640
640
640
480
375
640
640
500
334
427
511
640
640
426
640
640
480
640
441
640
640
640
480
500
640
640
640
224
480
640
478
640
480
640
500
640
640
480
640
640
500
640
640
500
640
640
640
640
640
427
640
640
640
640
640
478
640
640
640
640
500
640
480
640
640
480
321
220
640
640
612
640
640
612
640
640
640
500
640
640
640
640
640
640
640
427
640
640
500
480
427
500
480
612
640
640
375
640
640
640
640
480
500
640
640
383
640
427
426
640
640
478
500
640
480
604
612
500
500
640
500
640
449
500
640
640
640
425
640
640
640
640
640
640
612
640
640
640
640
640
640
640
640
640
564
500
640
426
640
640
500
494
586
640
480
640
640
374
640
640
640
427
640
640
640
500
500
480
427
500
640
359
640
480
480
480
640
640
640
416
640
640
640
600
640
640
500
640
612
640
640
640
640
640
640
640
640
640
640
640
446
640
640
640
428
640
409
640
640
640
640
413
640
640
640
640
640
612
425
640
640
346
500
640
640
480
500
640
640
500
640
640
640
333
633
427
640
640
640
500
375
424
640
640
640
640
640
640
640
426
640
640
640
640
640
640
640
640
426
336
426
640
640
640
640
500
640
480
640
640
459
640
480
533
640
480
480
480
640
640
640
640
640
500
640
500
640
640
478
640
640
640
640
640
640
482
480
375
640
427
640
640
640
640
640
640
640
640
640
640
640
492
480
640
640
640
640
500
640
640
640
640
426
640
480
640
640
640
320
640
640
640
337
640
640
640
640
640
426
576
500
426
480
640
500
640
640
500
480
426
640
361
640
640
480
480
629
480
500
640
640
640
336
305
426
640
640
640
612
500
640
640
640
640
480
640
414
478
443
640
480
500
640
375
375
480
366
500
640
480
640
640
480
640
427
640
640
500
612
640
427
640
640
640
500
640
640
640
640
640
480
571
480
480
640
640
640
427
640
640
640
480
427
500
427
640
640
640
640
500
640
427
480
640
640
640
640
640
640
640
500
432
427
480
640
640
640
412
640
640
640
640
500
640
640
430
640
329
640
640
640
445
640
640
500
640
375
640
500
640
612
640
500
640
480
480
426
480
500
640
640
640
640
500
640
500
640
427
640
640
480
444
640
359
640
480
500
640
375
640
640
640
640
640
640
640
640
427
640
480
612
640
640
500
640
427
640
640
500
427
480
640
500
640
640
640
640
640
640
640
500
640
500
640
640
640
640
640
640
640
640
427
428
640
612
640
640
296
640
640
480
426
529
640
640
640
640
500
480
612
640
640
640
640
640
640
640
640
640
640
640
429
354
640
640
640
640
640
640
640
640
500
500
640
640
480
640
408
640
640
640
640
500
480
640
640
640
640
640
640
640
640
640
500
640
640
640
480
427
426
640
521
500
500
640
640
480
640
640
640
640
640
640
427
640
375
424
640
424
426
640
640
640
640
427
640
500
640
640
640
640
640
640
424
511
640
480
500
640
480
500
640
500
640
640
640
640
640
640
500
640
640
640
640
640
640
640
428
640
500
640
500
640
640
640
500
640
640
640
640
427
640
640
423
640
480
640
426
500
375
426
640
500
640
500
480
640
640
640
640
640
500
640
640
482
640
500
640
640
640
640
640
480
640
500
640
640
424
640
640
640
640
640
640
640
528
640
640
600
500
640
500
640
640
640
640
500
521
640
500
600
640
640
640
612
640
640
612
500
640
427
500
640
358
480
263
640
480
640
640
640
640
600
427
640
640
640
640
640
500
640
640
640
640
612
640
640
427
640
640
640
640
640
500
640
640
640
612
500
640
480
375
375
640
640
640
640
640
640
640
640
640
640
640
612
427
640
640
500
640
425
640
500
640
640
640
640
500
640
500
640
480
383
640
300
420
471
640
640
640
640
500
640
640
640
640
640
427
640
640
640
640
640
640
640
640
640
640
640
426
480
640
640
640
640
500
427
480
416
640
640
640
361
418
480
480
640
427
424
640
640
640
640
640
640
640
612
375
640
640
640
640
640
500
500
640
640
640
640
640
600
640
640
640
640
640
494
500
640
480
640
500
640
500
640
640
640
480
640
480
500
640
640
427
640
331
640
640
480
640
500
640
640
640
640
500
640
429
640
640
500
640
478
640
640
332
640
640
640
612
640
640
640
640
481
640
640
640
500
640
612
640
640
640
427
640
640
640
640
640
640
640
640
640
640
500
500
489
427
640
459
640
468
640
640
429
640
480
427
428
640
640
640
640
333
379
480
426
640
478
640
640
640
640
500
427
479
480
500
640
640
640
640
640
640
500
640
640
640
427
500
640
480
427
500
640
640
640
480
640
640
640
500
640
640
640
500
338
480
640
480
423
640
640
375
372
500
640
427
640
640
640
640
640
480
640
640
640
640
640
640
640
349
424
612
640
640
640
640
640
500
640
375
640
640
500
640
640
640
640
640
333
377
375
640
500
640
640
640
640
426
640
640
640
640
469
640
640
640
640
500
418
640
640
640
640
640
640
640
429
640
640
640
640
480
598
640
640
640
640
480
640
640
640
640
500
375
556
500
640
640
427
640
640
500
640
479
640
612
640
478
640
