426
640
483
500
640
425
640
640
427
480
427
640
500
512
315
240
480
612
480
640
425
419
480
427
480
427
427
302
640
427
640
375
366
555
375
640
363
612
427
384
375
500
425
640
375
612
480
480
425
640
425
349
500
640
240
361
428
531
351
425
427
333
396
361
500
427
640
480
480
640
426
482
361
400
480
480
375
427
427
427
640
640
359
480
459
612
426
640
480
427
426
539
400
480
640
480
427
480
640
480
480
426
361
612
480
424
375
480
536
480
375
427
464
640
640
425
500
427
428
640
640
640
480
428
640
500
427
640
335
427
425
425
480
480
480
427
426
427
480
427
404
427
640
480
424
427
640
480
480
424
640
480
480
640
348
640
427
480
471
440
365
480
612
500
640
428
640
334
640
427
428
480
640
640
480
480
640
640
427
480
480
426
427
640
480
427
428
426
480
371
428
478
480
480
374
375
500
427
500
457
640
375
640
333
640
281
480
640
640
427
480
426
282
495
605
480
480
640
479
334
480
375
612
427
428
480
375
428
640
640
427
425
428
390
375
480
480
640
480
425
427
500
334
427
436
640
480
640
640
480
480
480
480
427
375
426
640
640
427
428
480
410
612
307
426
334
425
427
640
500
612
491
375
449
428
426
640
492
449
480
640
360
480
427
640
426
427
426
333
480
425
427
640
480
640
640
500
500
423
480
427
427
427
500
640
640
480
546
640
426
500
480
480
333
640
640
612
457
427
426
480
427
309
375
480
640
480
640
640
463
480
640
640
640
434
640
323
361
480
640
404
480
426
480
480
230
480
500
375
427
640
640
640
427
427
480
421
427
437
427
640
480
375
640
445
427
427
333
640
640
369
429
480
426
480
480
512
640
480
500
425
495
640
426
374
500
376
640
427
640
426
640
500
425
425
246
427
426
427
596
259
480
428
480
640
480
480
480
480
360
400
332
480
391
480
480
480
640
640
359
375
612
375
318
375
427
427
465
640
425
411
428
640
640
457
479
424
480
320
376
431
375
480
427
393
427
605
480
500
640
319
480
360
480
427
640
427
368
375
480
640
428
640
425
426
375
427
438
458
640
427
426
640
333
427
480
640
640
428
427
418
427
612
500
640
640
640
375
640
427
426
360
429
480
640
640
480
480
612
640
426
427
320
612
500
425
426
480
480
313
478
490
480
466
486
421
640
640
482
427
640
480
640
640
427
423
360
640
480
640
427
375
480
480
399
333
640
428
480
480
424
361
458
480
375
480
574
371
640
480
428
428
640
481
561
426
586
425
480
427
436
332
378
480
480
444
640
464
375
427
640
427
427
375
364
427
480
480
380
427
640
427
480
612
480
612
500
427
480
640
485
640
427
375
640
480
480
640
480
366
480
263
427
480
480
313
334
640
427
375
505
480
480
640
640
384
480
425
426
640
427
512
640
480
640
480
480
640
612
640
480
480
640
428
427
500
480
480
480
364
640
612
427
435
427
480
500
427
480
478
480
480
480
406
480
640
425
383
640
428
350
480
334
499
480
480
480
640
640
455
427
480
458
640
426
427
375
480
478
640
640
426
640
640
428
480
427
480
427
640
427
640
438
442
480
640
480
480
427
428
425
428
640
427
640
601
360
427
454
444
480
427
275
443
427
480
396
480
480
640
427
640
480
612
640
427
428
480
480
449
640
403
400
640
427
427
427
403
428
375
427
480
640
480
480
500
470
640
500
487
640
640
426
640
480
425
640
383
427
640
374
500
425
640
524
426
480
427
427
429
640
281
480
425
480
427
429
639
389
431
427
424
447
480
425
640
480
480
480
427
480
640
640
640
427
517
640
640
375
480
361
427
457
640
480
500
336
427
500
512
640
427
450
427
360
334
421
375
480
426
427
640
214
503
478
428
480
640
375
640
480
400
612
427
427
216
640
640
480
480
640
359
480
640
482
480
559
640
335
334
426
480
332
480
427
480
491
640
400
427
427
333
640
427
375
480
640
640
426
357
640
427
500
612
426
640
480
640
640
480
375
640
480
419
428
480
480
427
375
375
500
640
333
427
612
640
375
468
428
480
480
425
427
480
612
640
533
612
427
426
640
180
480
480
428
480
640
434
500
427
480
480
640
640
480
333
424
478
480
480
426
640
344
418
428
375
427
418
640
640
487
640
640
336
640
640
429
425
480
480
480
640
443
359
640
480
480
480
451
480
426
640
640
403
427
329
425
427
612
426
375
427
640
375
480
480
612
640
640
375
360
466
428
426
428
500
480
425
640
320
500
480
427
480
299
480
427
480
375
334
640
426
480
427
480
480
375
425
500
480
427
640
375
428
451
480
429
640
480
612
478
400
375
426
640
480
640
480
480
640
361
424
333
427
392
612
480
640
480
481
500
480
480
427
425
640
314
333
480
331
480
428
640
427
480
425
489
327
640
480
240
427
428
480
433
480
640
640
427
500
640
640
333
480
440
612
513
425
426
360
640
428
427
427
640
384
427
480
500
640
375
480
480
480
640
375
480
480
426
320
500
428
427
640
640
480
425
427
480
480
480
640
480
427
640
640
425
640
612
640
480
640
427
425
512
640
426
427
427
429
361
359
480
427
428
640
427
483
425
427
500
480
357
480
640
480
480
639
480
640
480
427
500
427
427
640
425
428
480
427
500
457
640
425
334
427
427
333
427
563
359
415
621
640
640
428
480
480
480
612
426
375
453
388
333
427
480
427
375
480
400
521
428
640
457
478
426
640
281
401
640
480
427
335
480
480
427
480
480
500
426
375
427
213
640
424
480
356
612
375
400
427
640
480
500
640
425
640
361
480
480
436
640
480
512
640
375
480
480
480
539
309
428
437
360
640
480
524
640
393
375
480
480
425
375
480
480
480
427
426
640
480
427
383
485
638
549
453
145
427
640
480
469
311
640
640
426
478
480
427
640
640
480
427
453
640
479
427
640
516
400
331
479
640
480
500
457
500
480
426
375
640
400
480
427
640
400
480
427
480
375
427
640
425
444
500
464
500
640
480
375
500
468
427
480
423
480
428
480
478
425
640
500
480
333
375
333
424
353
360
640
480
640
612
640
427
427
385
480
357
482
612
424
640
425
450
426
333
480
480
388
375
424
461
428
480
426
512
389
480
480
229
500
480
480
640
428
427
640
375
422
569
640
433
375
640
480
451
640
360
640
427
640
480
500
426
427
640
480
640
331
333
480
457
640
488
640
500
604
480
640
375
427
428
427
359
480
612
480
612
444
640
480
640
375
427
640
480
427
640
426
444
426
408
480
427
500
640
640
500
480
427
375
427
640
480
427
425
480
375
390
480
640
480
480
640
500
612
480
480
480
478
480
531
504
476
480
612
640
426
514
480
427
640
480
480
426
443
480
480
640
360
480
351
480
361
360
500
480
427
480
480
364
640
486
480
480
640
640
640
612
480
425
612
425
524
640
480
351
399
500
511
388
612
461
375
468
640
640
431
640
480
480
480
480
640
426
480
375
359
480
564
359
396
640
478
427
409
640
428
480
640
500
427
640
428
427
375
480
640
640
426
640
640
640
427
480
480
480
640
480
500
480
360
480
427
426
480
500
500
427
358
446
513
600
425
423
360
480
640
640
360
426
425
385
480
399
640
360
500
640
476
428
400
640
640
430
428
412
640
500
480
480
425
427
480
480
480
375
500
640
640
640
640
424
480
194
480
640
640
500
360
427
480
431
427
640
553
640
425
612
500
427
640
640
480
480
640
480
640
425
640
436
480
480
375
609
408
454
640
500
364
334
375
427
480
640
427
375
428
480
480
400
427
612
381
428
393
640
640
480
264
478
480
427
640
500
640
400
480
640
612
428
375
361
640
640
425
433
457
640
427
436
640
428
640
375
640
428
640
480
640
640
480
477
294
500
498
427
480
375
425
574
375
480
478
425
480
428
480
429
427
427
500
480
480
427
478
392
640
640
478
425
640
640
479
398
404
640
425
640
424
640
640
433
428
480
425
640
427
425
375
480
425
480
427
604
640
359
375
490
427
480
382
375
461
640
640
612
480
480
423
480
480
457
427
427
640
491
640
513
640
612
428
480
451
425
164
408
426
640
427
425
428
640
480
500
480
640
480
480
480
427
480
427
500
375
480
373
480
480
480
480
427
425
427
428
427
350
640
640
480
299
400
401
538
457
428
480
426
480
480
612
333
520
427
480
640
480
379
406
480
375
612
335
640
528
559
427
640
640
427
500
500
640
640
428
500
640
426
640
480
427
425
436
640
439
427
427
640
500
424
480
451
640
480
500
480
480
427
480
427
467
480
640
427
427
440
359
427
480
480
640
480
500
425
640
429
427
426
480
640
622
500
500
426
640
427
500
427
480
427
367
480
512
480
640
500
320
426
640
427
427
375
427
427
375
480
612
424
426
640
640
427
640
480
640
538
640
640
370
500
333
640
428
316
425
640
426
427
480
300
640
428
640
471
375
427
367
463
480
640
426
640
507
480
469
333
480
453
360
480
480
427
480
480
482
480
480
480
375
640
480
424
480
426
640
485
427
319
480
500
426
427
375
423
488
427
480
541
427
640
555
428
427
360
428
478
480
432
640
408
640
480
500
454
500
640
500
640
480
480
400
361
640
426
480
375
502
640
480
640
512
500
427
425
480
427
640
640
640
427
640
480
640
480
612
500
480
480
427
462
640
480
427
427
375
337
459
640
426
640
368
480
429
480
346
399
480
640
400
640
449
427
640
500
640
425
640
427
334
640
480
439
427
640
500
480
436
427
640
344
375
333
640
640
612
427
375
500
428
476
375
427
640
480
459
640
640
481
480
227
480
640
573
360
333
640
640
500
289
428
438
431
428
480
464
480
500
374
500
428
424
427
640
612
640
480
381
472
500
480
333
640
640
640
640
480
420
428
480
425
612
427
480
640
480
375
427
427
480
375
500
375
500
427
427
479
625
461
428
640
640
457
426
481
480
410
426
640
375
500
640
426
375
458
428
500
480
500
640
378
640
640
427
333
480
426
640
480
427
480
640
640
427
480
480
500
500
400
375
640
480
424
478
359
427
427
480
427
640
426
480
428
480
500
333
640
480
398
480
640
426
640
425
448
476
640
426
333
480
281
312
427
427
480
640
480
480
600
640
640
427
269
480
500
334
500
375
426
640
640
640
476
438
640
426
640
612
640
640
480
480
640
640
500
480
500
335
394
428
427
640
381
640
428
640
426
424
610
640
500
612
500
640
612
612
406
500
640
396
480
612
427
640
428
480
480
426
480
470
600
426
328
480
332
360
424
359
480
200
375
457
640
427
480
428
427
480
427
500
640
480
427
428
427
375
426
375
640
640
393
299
424
640
333
428
427
640
427
428
378
480
640
480
451
633
375
425
400
333
457
427
500
480
640
373
640
427
640
480
640
454
480
612
640
480
640
475
375
427
640
480
375
640
640
427
480
480
640
640
426
360
427
416
480
424
427
640
480
480
333
640
426
480
429
640
640
333
480
500
427
442
377
480
501
640
480
425
427
480
427
640
421
375
481
640
427
504
449
298
640
480
640
640
281
428
640
427
427
427
426
480
336
421
512
333
427
594
480
500
427
425
426
427
428
640
375
481
329
640
425
310
427
434
514
480
500
481
500
640
640
480
375
640
640
480
480
480
480
434
480
480
640
640
375
427
436
425
640
359
480
480
500
640
480
428
375
640
640
640
426
427
480
426
480
424
612
640
426
480
326
426
480
612
477
427
640
393
640
427
640
640
499
426
640
612
640
640
480
240
500
512
500
612
375
426
640
480
160
500
427
480
427
406
480
333
480
640
333
451
640
640
425
427
428
361
375
423
640
480
480
640
427
640
512
480
480
480
360
480
453
427
427
427
504
612
375
480
432
640
375
640
480
281
427
433
441
640
159
480
480
640
640
428
375
500
480
427
480
374
427
489
359
427
360
426
375
640
640
500
427
428
640
480
480
359
640
480
403
375
375
400
427
480
500
426
426
640
640
431
427
427
418
427
427
640
428
522
425
640
480
289
406
500
427
612
480
640
426
640
480
640
426
368
333
297
425
426
640
640
640
480
338
428
480
480
480
640
427
640
426
480
480
500
500
384
480
326
640
500
480
411
480
427
383
480
428
612
427
427
640
640
500
427
427
427
640
427
427
289
496
398
640
480
480
334
640
293
425
480
427
333
480
300
428
427
480
480
424
388
480
640
375
480
640
500
480
640
360
425
426
640
639
448
500
514
428
612
400
438
445
480
480
427
612
480
308
640
640
480
333
333
294
432
480
640
240
333
640
398
500
480
426
375
480
321
480
427
640
360
426
480
397
640
427
424
480
480
375
640
480
480
425
427
640
640
480
640
612
640
640
640
447
640
398
640
320
424
480
640
480
334
480
427
333
426
640
608
480
480
359
480
374
480
334
426
640
480
427
612
360
480
480
480
400
361
500
480
640
428
424
480
480
640
640
426
424
427
640
640
640
500
640
480
427
640
640
505
480
427
612
208
427
335
375
375
426
640
606
366
484
500
612
427
464
480
429
426
640
500
480
395
640
409
425
640
640
375
640
426
427
419
480
423
640
375
459
426
413
333
320
427
479
640
448
428
480
480
427
612
480
432
427
640
427
640
480
640
428
427
480
480
640
566
640
428
366
500
640
360
480
445
480
360
640
640
640
424
480
394
360
424
333
480
480
640
375
451
640
427
480
612
478
375
640
640
640
500
480
427
640
640
640
428
478
480
240
393
447
428
496
640
480
428
375
480
427
427
512
426
640
333
361
427
416
640
403
479
640
480
358
480
375
375
640
640
640
480
640
500
426
426
427
640
500
640
640
375
309
480
427
427
480
428
640
640
640
480
480
640
462
640
640
427
450
500
640
333
426
640
480
640
480
375
480
640
640
333
427
427
428
480
375
480
640
378
343
427
333
375
640
480
640
500
426
640
640
427
424
426
344
420
414
426
640
375
640
480
375
480
360
427
640
427
480
480
480
389
480
480
640
480
480
335
640
427
281
416
350
425
480
416
480
425
427
640
427
427
480
640
480
640
480
455
480
640
375
375
640
427
480
428
427
480
427
640
494
640
510
480
333
640
428
427
427
480
640
427
640
427
640
640
426
480
480
480
640
425
360
427
480
425
375
640
427
427
640
425
480
478
419
480
480
640
398
426
375
428
480
427
422
533
354
427
427
588
640
427
425
640
640
427
480
480
375
480
500
427
640
478
640
480
500
427
312
500
480
640
338
427
317
640
426
640
480
480
640
480
480
480
480
640
426
640
500
480
480
375
500
429
640
480
480
637
356
375
640
640
480
640
332
480
640
640
478
480
428
640
640
427
480
640
375
360
640
428
428
437
360
640
638
426
640
428
640
427
427
640
480
640
300
426
500
404
640
500
427
181
480
480
480
640
427
481
427
333
500
480
640
375
640
640
427
640
640
640
427
427
481
480
427
640
640
427
427
640
427
480
480
426
337
454
427
640
427
346
640
640
640
426
426
334
480
442
640
640
493
360
640
426
612
428
425
640
640
427
427
375
426
427
640
480
480
640
480
444
480
428
360
480
427
480
427
480
588
434
480
414
480
480
480
480
480
436
375
332
480
500
640
457
480
375
480
421
480
612
640
428
427
640
640
480
480
425
480
480
423
332
425
478
427
332
640
640
426
640
361
543
479
421
427
480
425
480
480
427
364
435
480
500
480
427
426
459
640
640
640
427
423
451
640
480
480
424
640
480
640
640
480
427
480
480
393
640
480
640
480
375
640
481
480
640
339
480
480
480
360
427
640
480
427
375
338
424
430
425
426
427
427
427
480
427
426
480
480
640
640
427
480
375
333
427
640
500
427
480
480
451
478
375
640
640
283
480
333
640
640
427
427
480
640
332
480
480
379
640
428
640
480
426
480
427
427
612
375
640
480
480
640
480
511
640
640
375
427
500
640
427
240
500
480
640
425
427
640
500
480
480
410
375
480
417
375
427
427
426
640
640
640
480
480
640
640
480
500
427
480
640
426
400
428
500
480
427
426
480
427
480
333
427
427
427
640
612
640
480
640
375
640
640
427
480
640
640
445
334
480
426
512
427
375
480
480
427
240
500
480
427
375
375
500
499
480
640
640
426
421
427
640
426
480
480
640
427
640
480
640
612
332
640
480
480
474
480
480
480
360
640
640
375
480
640
375
428
480
640
480
355
612
480
427
375
329
480
360
640
320
425
426
480
480
375
429
640
427
427
427
427
612
554
425
500
640
429
329
480
612
640
457
640
640
373
424
400
418
375
480
457
640
427
427
240
640
427
640
426
423
500
640
480
320
640
425
640
512
426
500
375
480
375
375
426
480
640
640
640
491
375
316
640
468
332
640
375
427
427
425
428
427
640
480
640
480
480
500
512
512
396
640
640
640
428
429
480
333
333
480
333
343
427
640
478
480
480
427
640
428
375
375
480
473
640
428
375
319
478
480
334
426
426
427
640
640
428
375
640
640
500
425
480
375
480
424
428
480
427
480
500
333
313
482
480
457
426
480
375
427
500
333
427
640
480
480
640
438
425
486
421
640
640
425
428
500
640
556
427
640
291
640
640
425
427
333
640
303
360
427
480
640
640
480
640
480
480
333
640
640
425
335
427
375
424
480
424
493
400
640
480
403
480
425
399
375
640
480
356
640
425
480
375
427
457
640
375
640
478
429
612
640
480
479
427
640
425
480
427
640
500
375
427
427
640
333
426
385
480
640
640
426
333
333
480
480
480
480
458
416
426
480
334
427
362
480
426
240
428
437
480
375
359
333
578
333
427
427
426
169
427
428
480
640
500
480
480
234
500
640
640
479
427
640
435
480
640
480
640
385
480
480
640
438
639
427
480
500
640
427
640
480
640
425
375
480
480
640
427
427
339
428
427
406
529
427
427
425
400
640
640
426
480
481
530
640
550
446
427
433
375
480
640
427
361
640
500
176
426
480
612
427
480
612
427
427
458
375
426
480
338
428
427
480
425
640
480
427
375
640
640
375
640
612
426
423
500
533
480
480
428
640
375
424
480
640
480
640
640
426
189
640
375
360
640
640
612
332
335
427
376
569
640
401
480
484
426
640
427
426
480
427
427
480
612
480
480
426
451
480
427
427
480
480
640
359
480
640
458
427
375
640
640
428
640
427
480
500
426
513
428
640
403
429
480
375
375
640
640
375
425
640
425
640
640
640
478
428
426
640
427
480
459
399
427
424
375
480
612
479
480
427
480
480
460
480
480
439
480
480
640
480
479
480
640
426
500
480
480
427
480
500
442
424
480
425
387
612
640
480
427
500
332
428
426
640
333
427
427
375
427
401
480
500
640
640
480
480
427
375
500
640
480
427
427
480
438
426
431
640
431
480
480
480
426
427
409
367
640
500
640
428
426
480
480
333
427
640
480
480
640
427
640
640
480
640
640
640
480
480
424
480
427
332
480
375
428
428
640
393
471
640
480
471
590
640
640
500
463
640
480
424
427
444
480
639
427
427
480
480
401
640
640
480
480
427
457
375
360
360
478
480
640
428
640
480
426
480
240
426
428
491
640
426
467
174
480
281
640
396
332
640
640
480
375
427
427
375
640
640
480
640
360
426
640
640
489
640
400
480
480
427
448
229
640
622
538
566
612
335
427
238
480
427
640
427
640
640
640
480
640
375
428
500
500
640
500
375
479
640
480
427
640
480
640
427
640
343
612
425
640
479
427
359
311
426
264
425
640
483
640
640
640
640
480
480
480
640
428
433
480
640
640
375
640
480
360
480
480
333
424
640
640
408
464
480
480
425
480
426
375
324
640
640
480
480
478
456
428
480
426
480
400
425
427
640
480
640
466
425
480
500
426
396
375
427
500
480
423
458
612
431
375
426
640
640
640
640
333
598
361
243
427
320
427
243
427
640
426
483
640
265
424
640
483
640
375
439
500
640
425
480
480
427
480
426
480
640
640
640
612
480
480
386
425
640
480
480
333
640
640
360
429
480
478
370
434
281
425
428
375
427
375
480
440
427
428
640
428
480
427
640
640
427
612
480
480
640
446
476
640
640
640
426
424
427
427
356
640
612
480
480
423
520
425
425
480
484
480
480
480
640
500
439
366
427
427
479
427
427
480
334
332
429
426
640
480
640
480
427
360
480
375
640
418
480
480
480
435
360
640
480
480
375
299
406
426
640
640
640
480
640
375
412
427
480
640
480
480
480
480
480
425
640
480
500
640
457
640
640
427
480
480
426
640
480
330
480
427
640
428
480
335
640
640
427
640
375
425
640
333
480
375
480
427
400
640
480
480
319
428
426
427
640
428
326
480
640
480
333
427
375
427
640
426
169
480
480
496
426
640
512
427
640
428
640
427
640
375
500
640
480
281
426
333
640
480
480
421
427
455
375
640
427
640
480
375
478
428
464
425
480
640
480
375
438
480
640
480
360
427
426
408
427
427
640
480
457
354
375
427
281
480
426
428
640
375
421
359
332
400
475
404
480
612
427
505
612
333
428
640
376
426
640
640
175
480
640
396
427
480
428
400
640
480
480
400
430
480
375
428
480
427
458
612
427
480
640
480
427
427
455
480
400
360
427
426
612
375
480
640
500
500
426
425
480
426
427
480
480
480
480
427
640
612
640
427
640
375
429
640
426
373
480
424
512
427
333
428
334
427
640
640
301
400
640
640
480
480
425
478
375
480
480
426
480
425
640
640
427
428
480
576
425
427
426
427
304
434
640
640
427
480
426
558
375
640
640
640
425
480
480
640
640
640
640
480
640
640
480
480
427
480
425
453
426
612
500
427
426
427
426
427
375
333
414
480
428
489
363
400
425
428
253
428
499
640
376
480
640
480
375
426
322
427
517
371
640
515
640
333
480
428
640
480
500
480
433
640
426
375
480
432
427
480
375
360
640
480
421
333
491
640
427
480
500
480
480
425
612
425
427
480
508
640
427
427
480
376
480
612
480
480
480
640
454
640
425
640
640
480
480
480
444
480
375
375
500
640
427
640
479
640
431
427
640
425
640
640
640
424
425
360
425
500
500
640
640
480
640
313
375
421
400
375
640
322
640
333
426
427
480
480
426
426
407
424
425
480
640
375
454
640
640
325
427
449
426
640
427
359
426
375
480
480
427
341
500
640
574
640
640
484
480
500
500
333
480
640
428
427
480
425
426
640
480
427
426
426
428
480
480
500
640
612
424
425
427
425
480
333
480
500
480
480
375
480
427
480
422
399
500
500
500
427
375
427
427
453
480
640
451
480
480
427
640
427
427
413
427
334
640
480
424
426
543
427
428
480
640
480
290
474
427
640
640
469
427
425
480
640
498
429
399
360
332
500
640
336
480
443
640
428
425
375
480
640
354
612
427
640
478
